# Galaxy data from Roeder (1990).  Angular velocity of 82 galaxies.
galaxy <- c(9.172, 9.558, 10.406, 18.419, 18.927, 19.33, 19.44, 19.541, 19.846,
            19.914, 19.989, 20.179, 20.221, 20.795, 20.875, 21.492, 21.921,
            22.209, 22.314, 22.746, 22.914, 23.263, 23.542, 23.711, 24.289,
            24.99, 26.995, 34.279, 9.35, 9.775, 16.084, 18.552, 19.052, 19.343,
            19.473, 19.547, 19.856, 19.918, 20.166, 20.196, 20.415, 20.821,
            20.986, 21.701, 21.96, 22.242, 22.374, 22.747, 23.206, 23.484,
            23.666, 24.129, 24.366, 25.633, 32.065, 9.483, 10.227, 16.17, 18.6,
            19.07, 19.349, 19.529, 19.663, 19.863, 19.973, 20.175, 20.215,
            20.629, 20.846, 21.137, 21.814, 22.185, 22.249, 22.495, 22.888,
            23.241, 23.538, 23.706, 24.285, 24.717, 26.96, 32.789)
